1 0.840625 0.7000000000000002 0.7578125 0.7000000000000002 0.7578125000000001 0.8265625 0.840625 0.8265625
1 0.66875 0.54375 0.6328125 0.54375 0.6328125 0.603125 0.66875 0.603125
1 0.6328125 0.41875 0.5859375 0.41875 0.5859375 0.490625 0.6328125 0.490625
1 0.590625 0.540625 0.559375 0.540625 0.559375 0.5875 0.590625 0.5875
1 0.5875000000000001 0.6078125 0.5140625 0.6078125 0.5140625000000001 0.7328125 0.5875000000000001 0.7328125
1 0.5265625 0.571875 0.4796875 0.571875 0.4796875 0.6421875 0.5265625 0.6421875
1 0.4453125 0.5859375 0.3593750000000001 0.5859375 0.3593750000000001 0.715625 0.4453125 0.715625
1 0.46562500000000007 0.6703125 0.4140625 0.6703125 0.4140625000000001 0.7828125 0.4656250000000002 0.7828125
1 0.6828125 0.3843750000000001 0.640625 0.3843750000000001 0.640625 0.4421875 0.6828125 0.4421875
1 0.3453125000000001 0.4046875 0.3046875000000001 0.4046875 0.3046875000000001 0.4859375 0.3453125000000001 0.4859375
1 0.25781250000000006 0.3578125 0.2203125 0.3578125 0.22031250000000005 0.4421875 0.2578125000000001 0.4421875
1 0.32500000000000007 0.4828125 0.28593750000000007 0.4828125 0.28593750000000007 0.540625 0.32500000000000007 0.540625
1 0.3765625000000001 0.54375 0.31718750000000007 0.54375 0.31718750000000007 0.6421875 0.3765625000000001 0.6421875
1 0.2921875000000001 0.54375 0.2296875000000001 0.54375 0.2296875000000001 0.6140625 0.2921875000000001 0.6140625