1 0.24375000000000008 0.7 0.1609375000000001 0.7 0.1609375000000001 0.8265625 0.24375000000000008 0.8265625
1 0.3671875000000001 0.54375 0.3312500000000001 0.54375 0.3312500000000001 0.603125 0.3671875000000001 0.603125
1 0.415625 0.41875 0.3687500000000001 0.41875 0.3687500000000001 0.490625 0.415625 0.490625
1 0.4421875 0.540625 0.4109375 0.540625 0.4109375 0.5875 0.4421875 0.5875
1 0.4859375000000001 0.6078125 0.4125 0.6078125 0.4125000000000001 0.7328125 0.4859375000000002 0.7328125
1 0.521875 0.571875 0.475 0.571875 0.475 0.6421875 0.521875 0.6421875
1 0.640625 0.5859375 0.5546875 0.5859375 0.5546875 0.715625 0.640625 0.715625
1 0.5875000000000001 0.6703125 0.5359375 0.6703125 0.5359375000000001 0.7828125 0.5875000000000001 0.7828125
1 0.3609375000000001 0.384375 0.3187500000000001 0.384375 0.3187500000000001 0.4421875 0.3609375000000001 0.4421875
1 0.696875 0.4046875 0.65625 0.4046875 0.65625 0.4859375 0.696875 0.4859375
1 0.78125 0.3578125000000001 0.74375 0.3578125000000001 0.74375 0.4421875000000002 0.78125 0.4421875000000002
1 0.7140625 0.4828125 0.675 0.4828125 0.675 0.540625 0.7140625 0.540625
1 0.684375 0.54375 0.625 0.54375 0.625 0.6421875 0.684375 0.6421875
1 0.771875 0.5437500000000001 0.709375 0.54375 0.709375 0.6140625000000001 0.771875 0.6140625000000002