1 0.2796875000000001 0.4234375 0.07343750000000004 0.4234375 0.07343750000000006 0.6140625 0.2796875000000001 0.6140625
1 0.29375000000000007 0.63125 0.12500000000000008 0.63125 0.12500000000000008 0.7921875 0.29375000000000007 0.7921875
1 0.4125000000000002 0.85 0.2906250000000001 0.85 0.2906250000000001 0.9625 0.4125000000000002 0.9625
1 0.5703125000000002 0.85 0.4046875000000002 0.85 0.4046875000000002 0.990625 0.5703125000000002 0.990625
1 0.5453125000000002 0.9375 0.3734375000000001 0.9375 0.3734375000000001 1 0.5453125000000002 1
1 0.5375 0.4546875 0.44375 0.4546875 0.44375 0.55625 0.5375 0.55625
1 0.36406250000000007 0.509375 0.2890625000000001 0.509375 0.2890625000000001 0.58125 0.36406250000000007 0.58125
1 0.925 0.4468750000000001 0.684375 0.446875 0.684375 0.6531250000000001 0.925 0.6531250000000002
1 0.20625 0.07812500000000001 0.078125 0.078125 0.07812500000000001 0.2 0.20625 0.2
1 0.24375 0.19375000000000003 0.13906250000000003 0.19375 0.13906250000000003 0.2875 0.24375 0.2875
1 0.35156250000000006 0.271875 0.16093750000000004 0.271875 0.16093750000000004 0.459375 0.3515625000000001 0.459375
1 0.540625 0.30625 0.34375 0.30625 0.34375000000000006 0.490625 0.540625 0.490625
1 0.771875 0.15625000000000008 0.61875 0.15625000000000008 0.61875 0.29375000000000007 0.771875 0.29375000000000007
1 0.84375 0.2765625000000001 0.6875 0.2765625000000001 0.6875 0.4140625000000001 0.84375 0.41406250000000017
1 0.8328125 0.3828125000000001 0.721875 0.3828125000000001 0.721875 0.4937500000000001 0.8328125 0.4937500000000002
0 0.58125 0.4828125 0.26250000000000007 0.4828125 0.26250000000000007 0.7671875 0.5812500000000002 0.7671875
1 0.3890625 0.06562500000000003 0.2015625 0.06562500000000002 0.2015625 0.22500000000000003 0.3890625 0.2250000000000001