1 0.9265625 0.4234375000000001 0.7203125 0.4234375 0.7203125 0.6140625000000001 0.9265625 0.6140625000000002
1 0.875 0.6312500000000001 0.70625 0.63125 0.70625 0.7921875 0.875 0.7921875000000002
1 0.7093750000000002 0.85 0.5875000000000001 0.85 0.5875000000000001 0.9625 0.7093750000000002 0.9625
1 0.5953125000000001 0.85 0.42968750000000017 0.85 0.42968750000000017 0.990625 0.5953125000000001 0.990625
1 0.6265625000000001 0.9375 0.4546875000000002 0.9375 0.4546875000000002 1 0.6265625000000001 1
1 0.5578125 0.4546875 0.4640625 0.4546875 0.4640625 0.55625 0.5578125 0.55625
1 0.7109375 0.509375 0.6359375 0.509375 0.6359375 0.58125 0.7109375 0.58125
1 0.31718750000000007 0.446875 0.07656250000000005 0.446875 0.07656250000000006 0.653125 0.31718750000000007 0.653125
1 0.9234375 0.0781250000000001 0.7953125 0.07812500000000008 0.7953125 0.2000000000000001 0.9234375 0.2000000000000001
1 0.8625 0.1937500000000001 0.7578125 0.1937500000000001 0.7578125 0.2875000000000001 0.8625 0.2875000000000001
1 0.840625 0.2718750000000001 0.65 0.2718750000000001 0.65 0.4593750000000001 0.840625 0.4593750000000002
1 0.6578125 0.3062500000000001 0.4609375 0.3062500000000001 0.4609375 0.490625 0.6578125 0.490625
1 0.38125 0.15625000000000006 0.228125 0.15625000000000006 0.228125 0.29375000000000007 0.38125 0.29375000000000007
1 0.31250000000000006 0.2765625 0.15625000000000006 0.2765625 0.15625000000000006 0.4140625 0.3125000000000001 0.4140625
1 0.2796875000000001 0.3828125 0.16875000000000004 0.3828125 0.16875000000000004 0.49375 0.2796875000000001 0.49375
0 0.7390625000000001 0.4828125000000001 0.4203125 0.4828125 0.4203125000000001 0.7671875000000001 0.7390625000000002 0.7671875000000001
1 0.7984375 0.06562500000000007 0.6109375 0.06562500000000007 0.6109375 0.2250000000000001 0.7984375 0.2250000000000001