1 0.796875 0.5781250000000001 0.6984375 0.578125 0.6984375 0.6640625000000001 0.796875 0.6640625000000002
1 0.984375 0.6046875000000002 0.9125 0.6046875000000002 0.9125 0.6718750000000002 0.984375 0.6718750000000002
1 0.50625 0.58125 0.4390625 0.58125 0.4390625 0.671875 0.50625 0.671875
1 0.2765625000000001 0.5984375 0.2218750000000001 0.5984375 0.2218750000000001 0.665625 0.2765625000000001 0.665625
1 0.3500000000000001 0.628125 0.3109375000000001 0.628125 0.3109375000000001 0.721875 0.3500000000000001 0.721875
1 0.7890625000000001 0.659375 0.6890625 0.659375 0.6890625000000001 0.7468750000000001 0.7890625000000002 0.7468750000000002
1 0.1828125000000001 0.7015625 0.1218750000000001 0.7015625 0.1218750000000001 0.76875 0.1828125000000001 0.76875
1 0.0984375000000001 0.696875 0.02968750000000009 0.696875 0.029687500000000096 0.8109375 0.0984375000000001 0.8109375
1 0.9484375 0.7031250000000002 0.8671875 0.7031250000000002 0.8671875 0.7765625000000002 0.9484375 0.7765625000000002
1 0.4734375000000002 0.740625 0.3828125000000001 0.740625 0.3828125000000001 0.825 0.4734375000000002 0.825
1 0.5343750000000002 0.74375 0.4703125000000002 0.74375 0.4703125000000002 0.83125 0.5343750000000002 0.83125
1 0.7671875000000001 0.7546875000000001 0.7062500000000002 0.7546875 0.7062500000000002 0.8609375 0.7671875000000001 0.8609375
1 0.2296875000000001 0.803125 0.1609375000000001 0.803125 0.1609375000000001 0.8921875 0.2296875000000001 0.8921875
1 0.1484375000000001 0.821875 0.08906250000000011 0.821875 0.08906250000000011 0.928125 0.14843750000000014 0.928125
1 0.6921875000000002 0.83125 0.6375000000000002 0.83125 0.6375000000000002 0.9390625 0.6921875000000002 0.9390625
1 0.39531250000000007 0.8390625 0.3187500000000001 0.8390625 0.3187500000000001 0.934375 0.39531250000000007 0.934375
1 0.3218750000000001 0.8296875 0.22812500000000008 0.8296875 0.22812500000000008 0.9234375 0.3218750000000001 0.9234375
1 0.5093750000000001 0.890625 0.43281250000000016 0.890625 0.43281250000000016 0.996875 0.5093750000000001 0.996875
1 0.896875 0.9421875 0.834375 0.9421875 0.834375 1 0.896875 1
1 0.475 0.04687500000000004 0.140625 0.04687500000000002 0.14062500000000003 0.27343750000000006 0.475 0.2734375000000001
1 0.553125 0.27812500000000007 0.15937500000000004 0.278125 0.15937500000000004 0.49375 0.553125 0.49375