1 0.690625 0.3859375000000001 0.4203125 0.3859375000000001 0.4203125 0.61875 0.690625 0.61875
1 0.2734375000000001 0.40625 4.975127621536122e-17 0.40625 6.247612186275169e-17 0.6140625 0.2734375000000001 0.6140625
1 0.940625 0.4281250000000001 0.6921875 0.428125 0.6921875 0.64375 0.940625 0.6437500000000002
1 0.5515625000000001 0.575 0.3296875000000001 0.575 0.3296875000000001 0.7828125 0.5515625000000002 0.7828125
1 0.9375 0.6687500000000001 0.6703125 0.66875 0.6703125000000001 0.9140625 0.9375 0.9140625
1 0.6453125000000002 0.7453125 0.41406250000000017 0.7453125 0.41406250000000017 0.978125 0.6453125000000002 0.978125
1 0.2875000000000001 0.721875 0.07656250000000009 0.721875 0.0765625000000001 0.9140625 0.2875000000000001 0.9140625
1 0.73125 0.11875000000000006 0.446875 0.11875000000000005 0.446875 0.4015625000000001 0.73125 0.40156250000000016
1 0.25312500000000004 0.18281250000000002 0.03750000000000002 0.1828125 0.03750000000000003 0.40625 0.2531250000000001 0.40625
1 0.9359375 0.2000000000000001 0.690625 0.2000000000000001 0.690625 0.4375000000000001 0.9359375 0.43750000000000017
1 0.4984375 0.26250000000000007 0.2890625 0.2625 0.28906250000000006 0.475 0.4984375 0.475
1 0.515625 0.060937500000000054 0.2828125 0.06093750000000005 0.2828125 0.259375 0.515625 0.2593750000000001