1 0.7265625000000002 0.7500000000000001 0.5921875000000002 0.75 0.5921875000000002 0.8578125 0.7265625000000002 0.8578125
1 0.6359375 0.65 0.4921875 0.65 0.4921875000000001 0.775 0.6359375000000002 0.775
1 0.61875 0.5109375 0.465625 0.5109375 0.465625 0.6390625 0.61875 0.6390625
1 0.4453125 0.40625 0.31718750000000007 0.40625 0.31718750000000007 0.525 0.4453125 0.525
1 0.1921875000000001 0.553125 0.03750000000000007 0.553125 0.037500000000000075 0.684375 0.1921875000000001 0.684375
1 0.2062500000000001 0.3828125 0.059375000000000046 0.3828125 0.05937500000000005 0.525 0.2062500000000001 0.525
0 0.328125 0.039062500000000035 0.16875 0.03906250000000002 0.16875 0.1609375 0.328125 0.16093750000000004
0 0.7078125 0.36406250000000007 0.5640625 0.36406250000000007 0.5640625 0.4875 0.7078125 0.4875
1 0.453125 0.5296875 0.3109375000000001 0.5296875 0.3109375000000001 0.659375 0.453125 0.659375
1 0.48906250000000007 0.628125 0.36406250000000007 0.628125 0.36406250000000007 0.7875 0.4890625000000002 0.7875
0 0.91875 0.2812500000000001 0.809375 0.2812500000000001 0.809375 0.3921875000000001 0.91875 0.3921875000000001