1 0.7046875 0.057812500000000065 0.428125 0.057812500000000044 0.428125 0.22656250000000008 0.7046875 0.22656250000000008
1 0.384375 0.22187500000000004 0.15312500000000004 0.221875 0.15312500000000004 0.37031250000000004 0.3843750000000001 0.3703125000000001
1 0.2296875000000001 0.5234375 0.06406250000000006 0.5234375 0.06406250000000006 0.596875 0.2296875000000001 0.596875
1 0.63125 0.31718750000000007 0.5125 0.31718750000000007 0.5125 0.3984375000000001 0.63125 0.3984375000000001
1 0.853125 0.6453125000000001 0.715625 0.6453125 0.7156250000000001 0.7359375000000001 0.853125 0.7359375000000001
1 0.6562500000000002 0.840625 0.5250000000000001 0.840625 0.5250000000000001 0.9 0.6562500000000002 0.9
1 0.3218750000000001 0.8203125 0.2406250000000001 0.8203125 0.2406250000000001 0.86875 0.3218750000000001 0.86875
1 0.3203125000000001 0.5953125 0.1984375000000001 0.5953125 0.1984375000000001 0.6546875 0.3203125000000001 0.6546875
0 0.4 0.4125 0.18906250000000005 0.4125 0.18906250000000005 0.4875 0.4 0.4875
0 0.18906250000000005 0.28125 0.021875000000000033 0.28125 0.02187500000000004 0.371875 0.18906250000000005 0.371875
1 0.6109375 0.465625 0.5015625 0.465625 0.5015625 0.5546875 0.6109375 0.5546875
1 0.8328125 0.3359375000000001 0.721875 0.3359375000000001 0.721875 0.4546875000000001 0.8328125 0.4546875000000002
1 0.4421875000000002 0.890625 0.3140625000000001 0.890625 0.3140625000000001 0.9359375 0.4421875000000002 0.9359375