1 0.30156250000000007 0.578125 0.20312500000000008 0.578125 0.20312500000000008 0.6640625 0.30156250000000007 0.6640625
1 0.08750000000000008 0.6046875 0.015625000000000073 0.6046875 0.015625000000000076 0.671875 0.08750000000000009 0.671875
1 0.5609375 0.58125 0.49375 0.58125 0.49375 0.671875 0.5609375 0.671875
1 0.778125 0.5984375000000001 0.7234375 0.5984375 0.7234375 0.6656250000000001 0.778125 0.6656250000000001
1 0.6890625 0.628125 0.65 0.628125 0.65 0.721875 0.6890625 0.721875
1 0.3109375000000001 0.659375 0.21093750000000008 0.659375 0.21093750000000008 0.746875 0.3109375000000001 0.746875
1 0.8796875 0.7015625000000002 0.81875 0.7015625000000002 0.81875 0.7687500000000002 0.8796875 0.7687500000000002
1 0.9703125 0.6968750000000001 0.9015625 0.6968750000000001 0.9015625 0.8109375 0.9703125 0.8109375
1 0.13281250000000008 0.703125 0.05156250000000009 0.703125 0.05156250000000009 0.7765625 0.13281250000000008 0.7765625
1 0.6187500000000001 0.740625 0.5281250000000002 0.740625 0.5281250000000002 0.825 0.6187500000000001 0.825
1 0.5312500000000002 0.74375 0.4671875000000002 0.74375 0.4671875000000002 0.83125 0.5312500000000002 0.83125
1 0.29375000000000007 0.7546875 0.2328125000000001 0.7546875 0.2328125000000001 0.8609375 0.29375000000000007 0.8609375
1 0.8390625 0.803125 0.7703125000000002 0.803125 0.7703125000000002 0.8921875 0.8390625 0.8921875
1 0.9125 0.821875 0.853125 0.821875 0.853125 0.928125 0.9125 0.928125
1 0.36406250000000007 0.83125 0.30937500000000007 0.83125 0.30937500000000007 0.9390625 0.36406250000000007 0.9390625
1 0.6812500000000001 0.8390625 0.6046875000000002 0.8390625 0.6046875000000002 0.934375 0.6812500000000001 0.934375
1 0.7734375000000002 0.8296875 0.6796875000000002 0.8296875 0.6796875000000002 0.9234375 0.7734375000000002 0.9234375
1 0.5671875000000002 0.890625 0.4906250000000002 0.890625 0.4906250000000002 0.996875 0.5671875000000002 0.996875
1 0.16562500000000013 0.9421875 0.10312500000000013 0.9421875 0.10312500000000013 1 0.16562500000000013 1
1 0.859375 0.04687500000000008 0.525 0.04687500000000007 0.525 0.2734375000000001 0.859375 0.2734375000000001
1 0.8421875 0.27812500000000007 0.4484375 0.27812500000000007 0.4484375 0.4937500000000001 0.8421875 0.4937500000000002