1 0.32031250000000006 0.3015625 0.05312500000000005 0.3015625 0.053125000000000054 0.61875 0.3203125000000001 0.61875
1 0.31718750000000007 0.6375 0.010937500000000077 0.6375 0.010937500000000095 0.9015625 0.31718750000000007 0.9015625
1 0.5218750000000001 0.5171875 0.3312500000000001 0.5171875 0.3312500000000001 0.7796875 0.5218750000000002 0.7796875
1 0.5328125 0.3453125 0.3296875 0.3453125 0.3296875 0.521875 0.5328125 0.521875
1 0.6390625 0.5203125 0.490625 0.5203125 0.490625 0.7234375 0.6390625 0.7234375
1 0.746875 0.3343750000000001 0.5734375 0.3343750000000001 0.5734375 0.5718750000000001 0.746875 0.5718750000000001
1 0.921875 0.3921875000000001 0.73125 0.3921875000000001 0.73125 0.6171875000000002 0.921875 0.6171875000000002
1 0.2546875 0.14218750000000002 0.1140625 0.1421875 0.11406250000000002 0.3078125 0.2546875 0.3078125
1 0.9140625 0.27031250000000007 0.7484375 0.27031250000000007 0.7484375 0.4265625000000002 0.9140625 0.4265625000000002
1 0.728125 0.1625000000000001 0.5640625 0.1625000000000001 0.5640625 0.3609375000000001 0.728125 0.3609375000000001
1 0.575 0.03593750000000006 0.4609375 0.03593750000000005 0.4609375 0.19531250000000006 0.575 0.19531250000000008
1 0.3421875 0.06406250000000004 0.25625 0.06406250000000002 0.25625 0.19687500000000005 0.3421875 0.19687500000000005