1 0.5734375 0.05781250000000006 0.296875 0.057812500000000044 0.296875 0.22656250000000006 0.5734375 0.22656250000000008
1 0.846875 0.2218750000000001 0.615625 0.2218750000000001 0.615625 0.3703125000000001 0.846875 0.3703125000000001
1 0.9375 0.5234375000000002 0.771875 0.5234375000000002 0.771875 0.5968750000000002 0.9375 0.5968750000000002
1 0.4890625 0.31718750000000007 0.3703125 0.31718750000000007 0.37031250000000004 0.3984375000000001 0.4890625 0.3984375000000001
1 0.28593750000000007 0.6453125 0.14843750000000008 0.6453125 0.14843750000000008 0.7359375 0.28593750000000007 0.7359375
1 0.4750000000000002 0.840625 0.3437500000000001 0.840625 0.3437500000000001 0.9 0.4750000000000002 0.9
1 0.7593750000000001 0.8203125 0.6781250000000002 0.8203125 0.6781250000000002 0.86875 0.7593750000000001 0.86875
1 0.803125 0.5953125000000001 0.68125 0.5953125 0.68125 0.6546875000000001 0.803125 0.6546875000000002
0 0.8125 0.4125000000000001 0.6015625 0.4125 0.6015625 0.4875000000000001 0.8125 0.48750000000000016
0 0.9796875 0.2812500000000001 0.8125 0.2812500000000001 0.8125 0.37187500000000007 0.9796875 0.37187500000000007
1 0.5 0.465625 0.3906250000000001 0.465625 0.3906250000000001 0.5546875 0.5 0.5546875
1 0.27812500000000007 0.3359375 0.16718750000000004 0.3359375 0.16718750000000004 0.4546875 0.27812500000000007 0.4546875
1 0.6859375000000002 0.890625 0.5578125000000002 0.890625 0.5578125000000002 0.9359375 0.6859375000000002 0.9359375