1 0.5796875 0.38593750000000004 0.30937500000000007 0.3859375 0.30937500000000007 0.61875 0.5796875 0.61875
1 1 0.40625000000000017 0.7265625 0.40625000000000017 0.7265625 0.6140625000000002 1 0.6140625000000002
1 0.3078125000000001 0.428125 0.059375000000000046 0.428125 0.05937500000000007 0.64375 0.3078125000000001 0.64375
1 0.6718750000000001 0.575 0.45 0.575 0.45000000000000007 0.7828125 0.6718750000000002 0.7828125
1 0.3312500000000001 0.66875 0.06406250000000009 0.66875 0.0640625000000001 0.9140625 0.3312500000000001 0.9140625
1 0.5875000000000001 0.7453125 0.35625000000000007 0.7453125 0.35625000000000007 0.978125 0.5875000000000001 0.978125
1 0.9234375 0.721875 0.7125 0.721875 0.7125000000000001 0.9140625 0.9234375 0.9140625
1 0.553125 0.11875000000000006 0.26875 0.11875000000000005 0.26875000000000004 0.4015625 0.553125 0.4015625
1 0.9640625 0.1828125000000001 0.7484375 0.1828125000000001 0.7484375 0.40625000000000017 0.9640625 0.40625000000000017
1 0.31093750000000003 0.2 0.06562500000000002 0.2 0.06562500000000003 0.4375 0.3109375000000001 0.4375
1 0.7125 0.26250000000000007 0.503125 0.26250000000000007 0.503125 0.475 0.7125 0.475
1 0.7171875 0.060937500000000075 0.484375 0.06093750000000007 0.484375 0.2593750000000001 0.7171875 0.2593750000000001