1 0.5609375 0.4171875 0.43125 0.4171875 0.43125 0.4890625 0.5609375 0.4890625
1 0.8390625 0.5515625000000001 0.665625 0.5515625 0.665625 0.7078125000000001 0.8390625 0.7078125000000002
1 0.2296875000000001 0.565625 0.00781250000000007 0.565625 0.00781250000000008 0.7359375 0.2296875000000001 0.7359375
1 0.665625 0.596875 0.5359375 0.596875 0.5359375 0.7140625 0.665625 0.7140625
1 0.4406250000000001 0.61875 0.3046875000000001 0.61875 0.3046875000000001 0.7484375 0.44062500000000016 0.7484375
1 0.0953125000000001 0.6625 0.0015625000000000812 0.6625 0.001562500000000091 0.8234375 0.0953125000000001 0.8234375
1 0.5250000000000001 0.7359375 0.3578125000000001 0.7359375 0.3578125000000001 0.8734375 0.5250000000000001 0.8734375
1 0.3734375000000001 0.7875 0.27812500000000007 0.7875 0.27812500000000007 0.875 0.3734375000000001 0.875
1 0.7671875000000001 0.7703125000000001 0.6390625000000002 0.7703125 0.6390625000000002 0.8890625 0.7671875000000001 0.8890625
1 0.975 0.8 0.7593750000000001 0.8 0.7593750000000001 0.9359375 0.975 0.9359375
1 0.325 0.12812500000000004 0.209375 0.12812500000000004 0.209375 0.2203125 0.325 0.2203125
1 0.8046875 0.07343750000000007 0.603125 0.07343750000000007 0.603125 0.2828125000000001 0.8046875 0.2828125000000001
0 0.628125 0.24218750000000006 0.3453125 0.2421875 0.3453125 0.515625 0.628125 0.515625
0 0.809375 0.38750000000000007 0.553125 0.38750000000000007 0.553125 0.5781250000000001 0.809375 0.5781250000000002
0 1 0.5437500000000002 0.8453125 0.5437500000000002 0.8453125 0.7687500000000002 1 0.7687500000000002