1 0.9484375 0.30156250000000007 0.68125 0.30156250000000007 0.68125 0.6187500000000001 0.9484375 0.6187500000000001
1 0.990625 0.6375000000000001 0.684375 0.6375 0.6843750000000001 0.9015625 0.990625 0.9015625
1 0.6687500000000001 0.5171875 0.478125 0.5171875 0.4781250000000001 0.7796875 0.6687500000000002 0.7796875
1 0.6703125 0.3453125000000001 0.4671875 0.3453125000000001 0.4671875 0.521875 0.6703125 0.521875
1 0.5109375 0.5203125 0.3625000000000001 0.5203125 0.3625000000000001 0.7234375 0.5109375 0.7234375
1 0.4265625 0.33437500000000003 0.253125 0.334375 0.25312500000000004 0.571875 0.4265625 0.571875
1 0.2687500000000001 0.3921875 0.07812500000000004 0.3921875 0.07812500000000006 0.6171875 0.2687500000000001 0.6171875
1 0.8859375 0.14218750000000008 0.7453125 0.14218750000000008 0.7453125 0.3078125000000001 0.8859375 0.3078125000000001
1 0.2515625 0.2703125 0.08593750000000003 0.2703125 0.08593750000000003 0.4265625 0.2515625000000001 0.4265625
1 0.4375 0.16250000000000003 0.2734375 0.16250000000000003 0.2734375 0.3609375 0.4375 0.3609375000000001
1 0.540625 0.03593750000000006 0.4265625 0.03593750000000005 0.4265625 0.19531250000000006 0.540625 0.19531250000000006
1 0.74375 0.06406250000000009 0.6578125 0.06406250000000009 0.6578125 0.19687500000000008 0.74375 0.19687500000000008