1 0.4078125000000002 0.75 0.2734375000000001 0.75 0.2734375000000001 0.8578125 0.4078125000000002 0.8578125
1 0.5078125000000001 0.65 0.36406250000000007 0.65 0.36406250000000007 0.775 0.5078125000000002 0.775
1 0.5359375 0.5109375 0.3828125000000001 0.5109375 0.3828125000000001 0.6390625 0.5359375 0.6390625
1 0.6828125 0.40625 0.5546875 0.40625 0.5546875 0.525 0.6828125 0.525
1 0.9640625 0.5531250000000002 0.809375 0.5531250000000002 0.809375 0.6843750000000002 0.9640625 0.6843750000000002
1 0.9421875 0.3828125000000001 0.7953125 0.3828125000000001 0.7953125 0.5250000000000001 0.9421875 0.5250000000000001
0 0.8328125 0.03906250000000009 0.6734375 0.039062500000000076 0.6734375 0.1609375000000001 0.8328125 0.1609375000000001
0 0.4375 0.36406250000000007 0.29375000000000007 0.3640625 0.29375000000000007 0.4875 0.4375 0.4875
1 0.690625 0.5296875 0.5484375 0.5296875 0.5484375 0.659375 0.690625 0.659375
1 0.6375000000000001 0.628125 0.5125 0.628125 0.5125000000000001 0.7875 0.6375000000000002 0.7875
0 0.19218750000000004 0.28125 0.08281250000000004 0.28125 0.08281250000000004 0.3921875 0.19218750000000004 0.3921875