0 0.91875 0.5375000000000001 0.7234375 0.5375 0.7234375000000001 0.7953125000000001 0.91875 0.7953125000000002
0 0.9921875 0.7250000000000002 0.8484375 0.7250000000000002 0.8484375 0.978125 0.9921875 0.978125
0 0.80625 0.846875 0.6203125000000002 0.846875 0.6203125000000002 1 0.80625 1
0 0.7000000000000001 0.6671875 0.5015625 0.6671875 0.5015625000000001 0.9109375 0.7000000000000002 0.9109375
0 0.6312500000000001 0.5109375 0.41875 0.5109375 0.41875000000000007 0.7734375 0.6312500000000002 0.7734375
0 0.7046875 0.3109375000000001 0.546875 0.3109375000000001 0.546875 0.4984375 0.7046875 0.4984375
0 0.7953125 0.41875000000000007 0.6421875 0.41875 0.6421875 0.628125 0.7953125 0.6281250000000002
0 0.99375 0.3156250000000001 0.8296875 0.3156250000000001 0.8296875 0.5140625000000002 0.99375 0.5140625000000002
0 0.6328125 0.19687500000000008 0.4828125 0.19687500000000005 0.4828125 0.3656250000000001 0.6328125 0.3656250000000001
0 0.4375 0.27031250000000007 0.28125 0.2703125 0.28125000000000006 0.4578125 0.4375 0.4578125
0 0.525 0.384375 0.3578125000000001 0.384375 0.3578125000000001 0.5921875 0.525 0.5921875