0 0.571875 0.05000000000000006 0.4109375 0.050000000000000044 0.4109375 0.2671875000000001 0.571875 0.2671875000000001
0 0.409375 0.14687500000000003 0.25 0.14687500000000003 0.25 0.34843750000000007 0.409375 0.34843750000000007
0 0.24218750000000006 0.228125 0.06250000000000003 0.228125 0.06250000000000003 0.440625 0.24218750000000008 0.440625
0 0.2218750000000001 0.5515625 0.006250000000000066 0.5515625 0.006250000000000084 0.815625 0.2218750000000001 0.815625
0 0.38750000000000007 0.4140625 0.20312500000000008 0.4140625 0.20312500000000008 0.6609375 0.38750000000000007 0.6609375
0 0.5703125 0.3296875000000001 0.375 0.3296875000000001 0.37500000000000006 0.5578125 0.5703125 0.5578125
0 0.703125 0.22812500000000008 0.5390625 0.22812500000000008 0.5390625 0.4484375 0.703125 0.4484375
0 0.846875 0.4046875000000001 0.6828125 0.4046875 0.6828125 0.6468750000000001 0.846875 0.6468750000000002
0 0.7078125000000001 0.5140625 0.546875 0.5140625 0.5468750000000001 0.7625 0.7078125000000002 0.7625
0 0.5328125000000001 0.6390625 0.3500000000000001 0.6390625 0.3500000000000001 0.9015625 0.5328125000000001 0.9015625
0 0.3546875000000001 0.7734375 0.1453125000000001 0.7734375 0.14531250000000012 1 0.3546875000000001 1