0 0.2765625000000001 0.5375 0.08125000000000007 0.5375 0.08125000000000007 0.7953125 0.2765625000000001 0.7953125
0 0.1515625000000001 0.725 0.007812500000000088 0.725 0.007812500000000104 0.978125 0.15156250000000013 0.978125
0 0.37968750000000007 0.846875 0.1937500000000001 0.846875 0.19375000000000012 1 0.37968750000000007 1
0 0.4984375000000001 0.6671875 0.3000000000000001 0.6671875 0.3000000000000001 0.9109375 0.4984375000000002 0.9109375
0 0.58125 0.5109375 0.3687500000000001 0.5109375 0.3687500000000001 0.7734375 0.5812500000000002 0.7734375
0 0.453125 0.31093750000000003 0.2953125 0.3109375 0.29531250000000003 0.4984375 0.453125 0.4984375
0 0.3593750000000001 0.41875 0.2062500000000001 0.41875 0.2062500000000001 0.628125 0.3593750000000001 0.628125
0 0.17031250000000003 0.315625 0.0062500000000000385 0.315625 0.0062500000000000515 0.5140625 0.17031250000000003 0.5140625
0 0.5171875 0.19687500000000005 0.3671875 0.19687500000000005 0.36718750000000006 0.3656250000000001 0.5171875 0.3656250000000001
0 0.71875 0.27031250000000007 0.5625 0.27031250000000007 0.5625 0.4578125 0.71875 0.4578125
0 0.6421875 0.3843750000000001 0.475 0.3843750000000001 0.475 0.5921875 0.6421875 0.5921875