1 0.2968750000000001 0.56875 0.1906250000000001 0.56875 0.1906250000000001 0.70625 0.2968750000000001 0.70625
1 0.3781250000000001 0.625 0.3031250000000001 0.625 0.3031250000000001 0.75 0.3781250000000001 0.75
1 0.3671875000000001 0.51875 0.3078125000000001 0.51875 0.3078125000000001 0.6046875 0.3671875000000001 0.6046875
1 0.465625 0.5359375 0.4015625 0.5359375 0.4015625 0.6109375 0.465625 0.6109375
1 0.534375 0.4640625 0.475 0.4640625 0.475 0.5515625 0.534375 0.5515625
1 0.5750000000000001 0.603125 0.37968750000000007 0.603125 0.37968750000000007 0.875 0.5750000000000002 0.875
1 0.6453125000000001 0.54375 0.4890625 0.54375 0.48906250000000007 0.771875 0.6453125000000002 0.771875
1 0.55625 0.29375000000000007 0.4609375 0.29375000000000007 0.4609375 0.41875 0.55625 0.41875
1 0.746875 0.2515625000000001 0.6171875 0.2515625000000001 0.6171875 0.3828125000000001 0.746875 0.3828125000000001
1 0.6765625 0.3750000000000001 0.6 0.3750000000000001 0.6 0.478125 0.6765625 0.478125
1 0.7625 0.3750000000000001 0.6625 0.3750000000000001 0.6625 0.51875 0.7625 0.5187500000000002
1 0.809375 0.2812500000000001 0.7296875 0.2812500000000001 0.7296875 0.35625000000000007 0.809375 0.35625000000000007
1 0.8984375 0.2562500000000001 0.8578125 0.2562500000000001 0.8578125 0.3156250000000001 0.8984375 0.3156250000000001
1 0.6203125 0.4375 0.5046875 0.4375 0.5046875 0.575 0.6203125 0.575
1 0.6046875 0.3453125000000001 0.5484375 0.3453125000000001 0.5484375 0.4171875 0.6046875 0.4171875