1 0.809375 0.5687500000000001 0.703125 0.56875 0.703125 0.70625 0.809375 0.7062500000000002
1 0.6968750000000001 0.625 0.621875 0.625 0.6218750000000001 0.75 0.6968750000000001 0.75
1 0.6921875 0.51875 0.6328125 0.51875 0.6328125 0.6046875 0.6921875 0.6046875
1 0.5984375 0.5359375 0.534375 0.5359375 0.534375 0.6109375 0.5984375 0.6109375
1 0.525 0.4640625 0.465625 0.4640625 0.465625 0.5515625 0.525 0.5515625
1 0.6218750000000001 0.603125 0.4265625 0.603125 0.42656250000000007 0.875 0.6218750000000002 0.875
1 0.5125000000000001 0.54375 0.35625000000000007 0.54375 0.35625000000000007 0.771875 0.5125000000000002 0.771875
1 0.5390625 0.29375000000000007 0.44375 0.29375000000000007 0.44375 0.41875 0.5390625 0.41875
1 0.38281250000000006 0.2515625 0.253125 0.2515625 0.25312500000000004 0.38281250000000006 0.3828125000000001 0.3828125000000001
1 0.4015625 0.37500000000000006 0.32500000000000007 0.375 0.32500000000000007 0.478125 0.4015625 0.478125
1 0.3375000000000001 0.375 0.2375000000000001 0.375 0.2375000000000001 0.51875 0.3375000000000001 0.51875
1 0.271875 0.28125 0.19218750000000004 0.28125 0.19218750000000004 0.35625 0.271875 0.35625
1 0.14375000000000004 0.25625 0.10312500000000005 0.25625 0.10312500000000005 0.315625 0.14375000000000004 0.315625
1 0.4953125 0.4375 0.37968750000000007 0.4375 0.37968750000000007 0.575 0.4953125 0.575
1 0.453125 0.3453125000000001 0.396875 0.3453125000000001 0.39687500000000003 0.4171875 0.453125 0.4171875